1000	0.230230668
1024.02	0.245247111
1048.05	0.261197538
1072.07	0.277705266
1096.1	0.294915654
1120.12	0.313236105
1144.14	0.331737675
1168.17	0.350535267
1192.19	0.37094052
1216.22	0.391204166
1240.24	0.413163385
1264.26	0.435462309
1288.29	0.458219542
1312.31	0.482069428
1336.34	0.506370136
1360.36	0.531906406
1384.38	0.558706037
1408.41	0.585031387
1432.43	0.613222299
1456.46	0.642495968
1480.48	0.672309585
1504.5	0.702636997
1528.53	0.734020376
1552.55	0.767565742
1576.58	0.800871348
1600.6	0.835240466
1624.62	0.871080139
1648.65	0.907416314
1672.67	0.945224254
1696.7	0.984135732
1720.72	1.024231263
1744.74	1.065754949
1768.77	1.10709114
1792.79	1.149846898
1816.82	1.19423804
1840.84	1.239793401
1864.86	1.287112274
1888.89	1.335930382
1912.91	1.384163508
1936.94	1.434195524
1960.96	1.485522102
1984.99	1.537818021
2009.01	1.593495987
2033.03	1.647381323
2057.06	1.703182908
2081.08	1.761233145
2105.1	1.820575047
2129.13	1.882267907
2153.15	1.942890672
2177.18	2.005945623
2201.2	2.071263906
2225.23	2.137117456
2249.25	2.20567476
2273.27	2.273579865
2297.3	2.344819824
2321.32	2.415208082
2345.35	2.488744652
2369.37	2.562459962
2393.39	2.638724335
2417.42	2.715030408
2441.44	2.794388867
2465.47	2.875604236
2489.49	2.958509858
2513.51	3.041196042
2537.54	3.126905458
2561.56	3.214276531
2585.59	3.303950203
2609.61	3.392521526
2633.63	3.484964122
2657.66	3.578137579
2681.68	3.675916498
2705.71	3.772047618
2729.73	3.873326723
2753.75	3.971500512
2777.78	4.073817574
2801.8	4.177475886
2825.83	4.28432494
2849.85	4.392746697
2873.87	4.500713363
2897.9	4.613439873
2921.92	4.723665564
2945.95	4.83928727
2969.97	4.956432954
2993.99	5.077508162
3018.02	5.199369836
3042.04	5.320479056
3066.07	5.447335164
3090.09	5.571992935
3114.11	5.70128678
3138.14	5.833182643
3162.16	5.965412538
3186.19	6.103739151
3210.21	5.62353788
3234.23	5.744914315
3258.26	5.870025887
3282.28	5.994700685
3306.31	6.124823911
3330.33	6.253986917
3354.35	6.383943106
3378.38	6.51945732
3402.4	6.651943698
3426.43	6.788866259
3450.45	6.929814835
3474.47	7.066238924
3498.5	7.208194275
3522.52	7.3534278
3546.55	7.498950147
3570.57	7.650348473
3594.59	7.802137786
3618.62	7.953424745
3642.64	8.110760546
3666.67	8.266307358
3690.69	8.421478138
3714.71	8.582585933
3738.74	8.743628081
3762.76	8.905750443
3786.79	9.074080796
3810.81	9.242912996
3834.83	9.412916404
3858.86	9.589198727
3882.88	9.765243545
3906.91	9.93907348
3930.93	10.11921447
3954.96	10.30331942
3978.98	10.48739101
4003	10.67675691
4027.03	10.8623984
4051.05	11.04885694
4075.07	11.24181596
4099.1	11.4416476
4123.12	11.63686466
4147.15	11.83573421
4171.17	12.04150466
4195.2	12.24700744
4219.22	12.45067974
4243.24	12.66125693
4267.27	12.87831665
4291.29	13.08902237
4315.32	13.30675531
4339.34	13.53183635
4363.36	13.75330423
4387.39	13.97424826
4411.41	14.20240702
4435.44	14.4371601
4459.46	14.66376715
4483.48	14.89760134
4507.51	15.139014
4531.53	15.38068739
4555.56	15.62009431
4579.58	15.86707202
4603.6	16.1219594
4627.63	16.36931801
4651.65	16.6196331
4675.68	16.87775107
4699.7	17.14339594
4723.72	17.39696214
4747.75	17.65817309
4771.77	17.92731549
4795.8	18.2005482
4819.82	18.46452687
4843.84	18.73631078
4867.87	19.01617897
4891.89	19.29920719
4915.92	19.57717223
4939.94	19.86322185
4963.96	20.15775459
4987.99	20.45441529
5012.01	20.74241243
5036.04	21.03491796
5060.06	21.33579122
5084.08	21.64043125
5108.11	21.93877327
5132.13	22.24550585
5156.16	22.56093709
5180.18	22.88230031
5204.2	23.19179382
5228.23	23.50977419
5252.25	23.83659537
5276.28	24.1726897
5300.3	24.49371491
5324.32	24.82147157
5348.35	25.15818207
5372.37	25.50408831
5396.4	25.84099519
5420.42	26.17616032
5444.44	26.52020442
5468.47	26.87334057
5492.49	27.23051997
5516.52	27.57814267
5540.54	27.93467755
5564.56	28.30055186
5588.59	28.67613744
5612.61	29.04013637
5636.64	29.40692121
5660.66	29.78308976
5684.68	30.16900678
5708.71	30.55730411
5732.73	30.93016279
5756.76	31.31223306
5780.78	31.70376007
5804.8	32.1053054
5828.83	32.50225078
5852.85	32.89787513
5876.88	33.3032494
5900.9	33.71873851
5924.92	34.14472583
5948.95	34.55365318
5972.97	34.96821389
5997	35.39296813
6021.02	35.81751691
6045.04	36.24974625
6069.07	36.66535894
6093.09	37.09074994
6117.12	37.52612757
6141.14	37.97184767
6165.17	38.42547763
6189.19	38.86196618
6213.21	39.30848513
6237.24	39.76538423
6261.26	40.23302971
6285.29	40.70832485
6309.31	41.16073266
6333.33	41.6234823
6357.36	42.09657797
6381.38	42.58073307
6405.41	43.07596878
6429.43	43.54679975
6453.45	44.02706784
6477.48	44.51784943
6501.5	45.0198988
6525.53	45.53340103
6549.55	46.02716523
6573.57	46.52223065
6597.6	47.02806164
6621.62	47.54501324
6645.65	48.07368735
6669.67	48.59676831
6693.69	49.10915984
6717.72	49.63247155
6741.74	50.1670563
6765.77	50.71328232
6789.79	51.27021969
6813.81	51.79522241
6837.84	52.33108833
6861.86	52.87815815
6885.89	53.43678695
6909.91	54.007345
6933.93	54.56966363
6957.96	55.1225374
6981.98	55.68641864
7006.01	56.26227221
7030.03	56.84983684
7054.05	57.45013328
7078.08	58.02416126
7102.1	58.60393701
7126.13	59.19576632
7150.15	59.7996711
7174.17	60.41602475
7198.2	61.03813663
7222.22	61.62796431
7246.25	62.22930253
7270.27	62.84249158
7294.29	63.46748244
7318.32	64.10544063
7342.34	64.74461487
7366.37	65.36246756
7390.39	65.99222612
7414.41	66.634238
7438.44	67.28886437
7462.46	67.95694248
7486.49	68.62193432
7510.51	69.26406926
7534.53	69.91784653
7558.56	70.5845815
7582.58	71.26415484
7606.61	71.95694097
7630.63	72.6490759
7654.65	73.30787107
7678.68	73.97872372
7702.7	74.66196794
7726.73	75.35795026
7750.75	76.06703027
7774.77	76.78899153
7798.8	77.47673761
7822.82	78.1763032
7846.85	78.88861716
7870.87	79.61403118
7894.9	80.35290998
7918.92	81.10563198
7942.94	81.84913567
7966.97	82.59275166
7990.99	83.35069806
8015.02	84.09721638
8039.04	84.84210884
8063.06	85.59958227
8087.09	86.36249795
8111.11	87.10725516
8135.14	87.86574115
8159.16	88.63755219
8183.18	89.42224289
8207.21	90.2217651
8231.23	91.03488457
8255.26	91.82230547
8279.28	92.59945181
8303.3	93.39073751
8327.33	94.19477596
8351.35	95.01277922
8375.38	95.8451143
8399.4	96.69216117
8423.42	97.49059216
8447.45	98.29845377
8471.47	99.11981603
8495.5	99.95402115
8519.52	100.8031999
8543.54	101.6667243
8567.57	102.5387571
8591.59	103.3711396
8615.62	104.2171468
8639.64	105.0771161
8663.66	105.9513959
8687.69	106.8403463
8711.71	107.7443399
8735.74	108.6521913
8759.76	109.511393
8783.78	110.38417
8807.81	111.2710942
8831.83	112.1722607
8855.86	113.088271
8879.88	114.019365
8903.9	114.9634071
8927.93	115.8588793
8951.95	116.7685472
8975.98	117.6924743
9000	118.6312797
9024.02	119.5850399
9048.05	120.5544056
9072.07	121.5394675
9096.1	122.4780244
9120.12	123.41489
9144.14	124.3660441
9168.17	125.3319731
9192.19	126.3130239
9216.22	127.3097165
9240.24	128.3220987
9264.26	129.3189289
9288.29	130.2800892
9312.31	131.2554717
9336.34	132.2457443
9360.36	133.251073
9384.38	134.2716234
9408.41	135.3081101
9432.43	136.3605373
9456.46	137.3650903
9480.48	138.3730649
9504.5	139.3959416
9528.53	140.4338564
9552.55	141.4875434
9576.58	142.5571619
9600.6	143.6430757
9624.62	144.7297389
9648.65	145.7666451
9672.67	146.8183006
9696.7	147.8850224
9720.72	148.9675802
9744.74	150.0661041
9768.77	151.18095
9792.79	152.3124843
9816.82	153.4276504
9840.84	154.500523
9864.86	155.5885057
9888.89	156.6921657
9912.91	157.811346
9936.94	158.9466289
9960.96	160.0986208
9984.98	161.2671729
10009	162.411222
10033	163.5012819
10057.1	164.605802
10081.1	165.7256213
10105.1	166.860503
10129.1	168.0113172
10153.2	169.1778296
10177.2	170.3609437
10201.2	171.5601335
10225.2	172.7679674
10249.2	173.9929289
10273.3	175.235692
10297.3	176.4960244
10321.3	177.7746173
10345.3	179.0718705
10369.4	180.3881954
10393.4	181.6962801
10417.4	182.8507901
10441.4	184.0197269
10465.5	185.2040486
10489.5	186.4037132
10513.5	187.6190208
10537.5	188.8502795
10561.6	190.0978053
10585.6	191.3619228
10609.6	192.6129097
10633.6	193.8352633
10657.7	195.07285
10681.7	196.3267269
10705.7	197.5964369
10729.7	198.8826771
10753.8	200.1861731
10777.8	201.5064623
10801.8	202.844694
10825.8	204.1491269
10849.8	205.4438512
10873.9	206.7551027
10897.9	208.082767
10921.9	209.4280311
10945.9	210.7908028
10970	212.171426
10994	213.5697978
11018	214.9871868
11042	216.347194
11066.1	217.7169332
11090.1	219.1046071
11114.1	220.5100839
11138.1	221.9337084
11162.2	223.3758343
11186.2	224.8368247
11210.2	226.3170521
11234.2	227.7899139
11258.3	229.1559727
11282.3	230.5379834
11306.3	231.9373027
11330.3	233.3531684
11354.4	234.7864265
11378.4	236.2379578
11402.4	237.7069834
11426.4	239.1943933
11450.5	240.6982174
11474.5	242.0727235
11498.5	243.4636107
11522.5	244.869974
11546.5	246.2926794
11570.6	247.7326271
11594.6	249.1888902
11618.6	250.6630036
11642.6	252.1540258
11666.7	253.6628922
11690.7	255.1808084
11714.7	256.7051382
11738.7	258.2484557
11762.8	259.8097673
11786.8	261.3900724
11810.8	262.9897197
11834.8	264.6090666
11858.9	266.2484791
11882.9	267.9083325
11906.9	269.523617
11930.9	270.9924285
11955	272.4780791
11979	273.9793584
12003	275.4972726
12027	277.0328672
12051.1	278.5849001
12075.1	280.1544211
12099.1	281.7425211
12123.1	283.3479258
12147.1	284.9627981
12171.2	286.5756502
12195.2	288.2060327
12219.2	289.8550725
12243.2	291.5230915
12267.3	293.2104195
12291.3	294.9173936
12315.3	296.644359
12339.3	298.3916689
12363.4	300.1605859
12387.4	301.7802014
12411.4	303.3538805
12435.4	304.9431281
12459.5	306.5491153
12483.5	308.172108
12507.5	309.8123776
12531.5	311.4702016
12555.6	313.1458633
12579.6	314.8396522
12603.6	316.5518639
12627.6	318.2706446
12651.7	319.9815691
12675.7	321.7099527
12699.7	323.4581558
12723.7	325.2254626
12747.7	327.0121877
12771.8	328.8186532
12795.8	330.645188
12819.8	332.4921282
12843.8	334.3587
12867.9	336.1909565
12891.9	337.9257442
12915.9	339.6796821
12939.9	341.450756
12964	343.2403953
12988	345.050084
13012	346.8777533
13036	348.7248874
13060.1	350.591799
13084.1	352.4800496
13108.1	354.3874944
13132.1	356.1405758
13156.2	357.8957163
13180.2	359.6669484
13204.2	361.4571059
13228.2	363.2651727
13252.3	365.0914189
13276.3	366.9361201
13300.3	368.7995574
13324.3	370.6806438
13348.3	372.5824059
13372.4	374.493965
13396.4	376.3345765
13420.4	378.1933703
13444.4	380.0720617
13468.5	381.9680522
13492.5	383.8830539
13516.5	385.8173541
13540.5	387.771246
13564.6	389.7450288
13588.6	391.7390078
13612.6	393.7534946
13636.6	395.7339876
13660.7	397.5874394
13684.7	399.4599302
13708.7	401.3485311
13732.7	403.255075
13756.8	405.1798188
13780.8	407.1246819
13804.8	409.0866323
13828.8	411.0675836
13852.9	413.0678133
13876.9	415.0893272
13900.9	417.1255047
13924.9	419.071087
13948.9	421.0331311
13973	423.0154231
13997	425.0164694
14021	427.0365372
14045	429.0758992
14069.1	431.1348331
14093.1	433.213622
14117.1	435.3125544
14141.1	437.4319247
14165.2	439.5720327
14189.2	441.5712873
14213.2	443.5474928
14237.2	445.5414665
14261.3	447.5534491
14285.3	449.5857068
14309.3	451.6344651
14333.3	453.7019813
14357.4	455.7885141
14381.4	457.8943271
14405.4	460.0196888
14429.4	462.1648727
14453.5	464.3150656
14477.5	466.3831057
14501.5	468.4718448
14525.5	470.5771629
14549.5	472.7037235
14573.6	474.8473366
14597.6	477.0127553
14621.6	479.1957179
14645.6	481.4010697
14669.7	483.6244753
14693.7	485.870875
14717.7	488.1382407
14741.7	490.330679
14765.8	492.4483052
14789.8	494.5843019
14813.8	496.7364416
14837.8	498.9098819
14861.9	501.1024253
14885.9	503.3117916
14909.9	505.5432821
14933.9	507.7920693
14958	510.0635539
14982	512.3528267
15006	514.5621076
15030	516.5822916
15054.1	518.7744472
15078.1	520.9852874
15102.1	523.2150519
15126.1	525.4639847
15150.2	527.7323342
15174.2	530.0203528
15198.2	532.3282975
15222.2	534.6564298
15246.2	537.0050156
15270.3	539.3743258
15294.3	541.7646358
15318.3	544.1022042
15342.3	546.3197172
15366.4	548.5523703
15390.4	550.8033467
15414.4	553.0728729
15438.4	555.3611791
15462.5	557.6716095
15486.5	559.998208
15510.5	562.3443009
15534.5	564.7101343
15558.6	567.0991743
15582.6	569.5052708
15606.6	571.9318715
15630.6	574.1912516
15654.7	576.4386468
15678.7	578.7003547
15702.7	580.9832561
15726.7	583.2842402
15750.8	585.6000937
15774.8	587.9378667
15798.8	590.2943798
15822.8	592.6663466
15846.8	595.0609938
15870.9	597.4750704
15894.9	599.905215
15918.9	602.3588372
15942.9	604.7009451
15967	607.0539671
15991	609.4253728
16015	611.8153786
16039	614.2242041
16063.1	616.6520726
16087.1	619.0992106
16111.1	621.5658487
16135.1	624.0522207
16159.2	626.5585644
16183.2	629.0851215
16207.2	631.6321374
16231.2	634.1918177
16255.3	636.6223365
16279.3	639.0715568
16303.3	641.543811
16327.3	644.0311196
16351.4	646.5377901
16375.4	649.0640496
16399.4	651.6143746
16423.4	654.1805407
16447.4	656.7669988
16471.5	659.3739903
16495.5	662.0017609
16519.5	664.6549776
16543.5	667.2805648
16567.6	669.6667738
16591.6	672.0701104
16615.6	674.4907595
16639.6	676.9289089
16663.7	679.3801336
16687.7	681.8538242
16711.7	684.3455945
16735.7	686.8556435
16759.8	689.3841731
16783.8	691.9313881
16807.8	694.4974963
16831.8	697.0827089
16855.9	699.6872398
16879.9	702.2422595
16903.9	704.7266013
16927.9	707.2285834
16952	709.7433568
16976	712.2811516
17000	714.8320502
17024	717.4064323
17048	719.99424
17072.1	722.6060063
17096.1	725.2367898
17120.1	727.8815009
17144.1	730.5509084
17168.2	733.2345911
17192.2	735.9434795
17216.2	738.5688014
17240.2	741.1689717
17264.3	743.7875148
17288.3	746.424626
17312.3	749.0805037
17336.3	751.7553487
17360.4	754.4493651
17384.4	757.1627597
17408.4	759.8957423
17432.4	762.6485258
17456.5	765.4154675
17480.5	768.208461
17504.5	771.0219124
17528.5	773.8560473
17552.6	776.4155997
17576.6	778.9739355
17600.6	781.5491868
17624.6	784.1415219
17648.6	786.7511113
17672.7	789.3781279
17696.7	792.0227469
17720.7	794.6851457
17744.7	797.3655044
17768.8	800.0640051
17792.8	802.7808328
17816.8	805.5161748
17840.8	808.2702209
17864.9	811.0431637
17888.9	813.768971
17912.9	816.39984
17936.9	819.0477751
17961	821.719695
17985	824.4023083
18009	827.1024945
18033	829.8273129
18057.1	832.5632124
18081.1	835.3172117
18105.1	838.0965152
18129.1	840.8873043
18153.2	843.6967416
18177.2	846.5321809
18201.2	849.3795283
18225.2	852.2460946
18249.2	855.015091
18273.3	857.7653497
18297.3	860.5333586
18321.3	863.3267433
18345.3	866.1308204
18369.4	868.9531721
18393.4	871.7939776
18417.4	874.6610688
18441.4	877.5393796
18465.5	880.4366966
18489.5	883.3532088
18513.5	886.2969627
18537.5	889.2524944
18561.6	892.2278036
18585.6	895.1509672
18609.6	897.827258
18633.6	900.5277092
18657.7	903.2444541
18681.7	905.9694326
18705.7	908.7191603
18729.7	911.4773224
18753.8	914.2606374
18777.8	917.0610029
18801.8	919.8701143
18825.8	922.705002
18849.8	925.5488505
18873.9	928.4189026
18897.9	931.3068097
18921.9	934.2040115
18945.9	937.1280773
18970	939.9291293
18994	942.729201
19018	945.5370651
19042	948.3617052
19066.1	951.2123201
19090.1	954.071021
19114.1	956.9469564
19138.1	959.8494956
19162.2	962.7604267
19186.2	965.6890674
19210.2	968.6449626
19234.2	971.6095684
19258.3	974.5923767
19282.3	977.6031127
19306.3	980.6228917
19330.3	983.5839833
19354.4	986.4656907
19378.4	989.3643334
19402.4	992.270215
19426.4	995.203121
19450.5	998.1534162
19474.5	1001.11424
19498.5	1004.096715
19522.5	1007.097013
19546.5	1010.115295
19570.6	1013.150696
19594.6	1016.205428
19618.6	1019.278636
19642.6	1022.370489
19666.7	1025.480104
19690.7	1028.601287
19714.7	1031.440365
19738.7	1034.294089
19762.8	1037.164724
19786.8	1040.050255
19810.8	1042.952975
19834.8	1045.87085
19858.9	1048.806196
19882.9	1051.75696
19906.9	1054.725487
19930.9	1057.709699
19955	1060.711971
19979	1063.730204
20003	1066.752007
20027	1069.681171
20051.1	1072.627616
20075.1	1075.590338
20099.1	1078.514799
20123.1	1081.440002
20147.1	1084.381117
20171.2	1087.339454
20195.2	1090.312789
20219.2	1093.303625
20243.2	1096.309712
20267.3	1099.333584
20291.3	1102.372968
20315.3	1105.429205
20339.3	1108.503664
20363.4	1111.594037
20387.4	1114.702932
20411.4	1117.828015
20435.4	1120.971928
20459.5	1124.13231
20483.5	1127.160626
20507.5	1130.087797
20531.5	1133.03021
20555.6	1135.986695
20579.6	1138.959947
20603.6	1141.948804
20627.6	1144.952078
20651.7	1147.972508
20675.7	1151.008917
20699.7	1154.061431
20723.7	1157.128839
20747.7	1160.213943
20771.8	1163.315542
20795.8	1166.432408
20819.8	1169.567389
20843.8	1172.719266
20867.9	1175.888178
20891.9	1178.840752
20915.9	1181.785844
20939.9	1184.745688
20964	1187.720396
20988	1190.71008
21012	1193.714853
21036	1196.734829
21060.1	1199.770124
21084.1	1202.820855
21108.1	1205.887141
21132.1	1208.9691
21156.2	1212.066853
21180.2	1215.180521
21204.2	1218.310228
21228.2	1221.456098
21252.3	1224.618256
21276.3	1227.796829
21300.3	1230.796498
21324.3	1233.774325
21348.3	1236.768127
21372.4	1239.774956
21396.4	1242.797986
21420.4	1245.834242
21444.4	1248.88693
21468.5	1251.953047
21492.5	1255.035831
21516.5	1258.132252
21540.5	1261.245581
21564.6	1264.372757
21588.6	1267.517086
21612.6	1270.675478
21636.6	1273.84965
21660.7	1277.041351
21684.7	1280.247446
21708.7	1283.392262
21732.7	1286.411889
21756.8	1289.445758
21780.8	1292.493971
21804.8	1295.556629
21828.8	1298.633837
21852.9	1301.727392
21876.9	1304.834019
21900.9	1307.955509
21924.9	1311.091969
21948.9	1314.243508
21973	1317.410235
21997	1320.592259
22021	1323.791445
22045	1327.004407
22069.1	1330.233004
22093.1	1333.477349
22117.1	1336.737558
22141.1	1339.805487
22165.2	1342.856874
22189.2	1345.924004
22213.2	1349.003356
22237.2	1352.09866
22261.3	1355.206364
22285.3	1358.330232
22309.3	1361.466681
22333.3	1364.61951
22357.4	1367.786975
22381.4	1370.9673
22405.4	1374.164336
22429.4	1377.374421
22453.5	1380.601445
22477.5	1383.841711
22501.5	1387.099146
22525.5	1390.370019
22549.5	1393.658297
22573.6	1396.677305
22597.6	1399.705502
22621.6	1402.744891
22645.6	1405.799485
22669.7	1408.867411
22693.7	1411.946764
22717.7	1415.041609
22741.7	1418.14804
22765.8	1421.270161
22789.8	1424.406058
22813.8	1427.553787
22837.8	1430.717505
22861.9	1433.893221
22885.9	1437.085131
22909.9	1440.291285
22933.9	1443.509692
22958	1446.744608
22982	1449.994055
23006	1453.095529
23030	1456.131844
23054.1	1459.180874
23078.1	1462.2427
23102.1	1465.317402
23126.1	1468.405062
23150.2	1471.505762
23174.2	1474.619585
23198.2	1477.746614
23222.2	1480.886933
23246.2	1484.040627
23270.3	1487.207782
23294.3	1490.388485
23318.3	1493.582821
23342.3	1496.79088
23366.4	1500.01275
23390.4	1503.24852
23414.4	1506.49828
23438.4	1509.762122
23462.5	1512.820396
23486.5	1515.875001
23510.5	1518.939659
23534.5	1522.01905
23558.6	1525.110952
23582.6	1528.215442
23606.6	1531.332596
23630.6	1534.460139
23654.7	1537.602846
23678.7	1540.758454
23702.7	1543.92704
23726.7	1547.108686
23750.8	1550.301068
23774.8	1553.509066
23798.8	1556.730368
23822.8	1559.965057
23846.8	1563.213216
23870.9	1566.472476
23894.9	1569.74782
23918.9	1572.838959
23942.9	1575.885175
23967	1578.943213
23991	1582.015646
24015	1585.097547
24039	1588.194001
24063.1	1591.300044
24087.1	1594.420803
24111.1	1597.551273
24135.1	1600.696623
24159.2	1603.851811
24183.2	1607.022044
24207.2	1610.202241
24231.2	1613.397654
24255.3	1616.603161
24279.3	1619.821431
24303.3	1623.055174
24327.3	1626.29921
24351.4	1629.558895
24375.4	1632.775686
24399.4	1635.815192
24423.4	1638.86335
24447.4	1641.925585
24471.5	1644.999284
24495.5	1648.081798
24519.5	1651.178611
24543.5	1654.287085
24567.6	1657.407285
24591.6	1660.536519
24615.6	1663.68036
24639.6	1666.836128
24663.7	1670.003891
24687.7	1673.180918
24711.7	1676.372866
24735.7	1679.577015
24759.8	1682.793437
24783.8	1686.019359
24807.8	1689.260526
24831.8	1692.514179
24855.9	1695.731505
24879.9	1698.808116
24903.9	1701.898809
24927.9	1705.000767
24952	1708.111137
24976	1711.235803
25000	1714.368984
