1000 0.00045128 
1024.02 0.000430069 
1048.05 0.000409855 
1072.07 0.000385268 
1096.1 0.000375071 
1120.12 0.000360026 
1144.14 0.000345452 
1168.17 0.000331592 
1192.19 0.00031845 
1216.22 0.00030599 
1240.24 0.000294191 
1264.26 0.000283015 
1288.29 0.000272413 
1312.31 0.000262348 
1336.34 0.000252784 
1360.36 0.000243692 
1384.38 0.000235042 
1408.41 0.000226804 
1432.43 0.000218949 
1456.46 0.000211452 
1480.48 0.000204284 
1504.5 0.000197412 
1528.53 0.000190779 
1552.55 0.000183822 
1576.58 0.000178416 
1600.6 0.000172876 
1624.62 0.000167409 
1648.65 0.000162091 
1672.67 0.000156915 
1696.7 0.000151856 
1720.72 0.00014686 
1744.74 0.00014187 
1768.77 0.000136756 
1792.79 0.000131195 
1816.82 0.000120036 
1840.84 0.000105407 
1864.86 0.00011784 
1888.89 0.000119487 
1912.91 0.000118361 
1936.94 0.000116719 
1960.96 0.000114839 
1984.99 0.000112798 
2009.01 0.000110733 
2033.03 0.000108661 
2057.06 0.000106595 
2081.08 0.000104524 
2105.1 0.000102488 
2129.13 0.000100487 
2153.15 9.85158E-005 
2177.18 9.65829E-005 
2201.2 9.46946E-005 
2225.23 9.28466E-005 
2249.25 9.1038E-005 
2273.27 8.92752E-005 
2297.3 8.75536E-005 
2321.32 8.58721E-005 
2345.35 8.42345E-005 
2369.37 8.26356E-005 
2393.39 8.10765E-005 
2417.42 7.95587E-005 
2441.44 7.80757E-005 
2465.47 7.66316E-005 
2489.49 7.52239E-005 
2513.51 7.38504E-005 
2537.54 7.25132E-005 
2561.56 7.12076E-005 
2585.59 6.99357E-005 
2609.61 6.86952E-005 
2633.63 6.7485E-005 
2657.66 6.63055E-005 
2681.68 6.51539E-005 
2705.71 6.40316E-005 
2729.73 6.29356E-005 
2753.75 6.1867E-005 
2777.78 6.08234E-005 
2801.8 5.98054E-005 
2825.83 5.88115E-005 
2849.85 5.78412E-005 
2873.87 5.6894E-005 
2897.9 5.59687E-005 
2921.92 5.50653E-005 
2945.95 5.41824E-005 
2969.97 5.33202E-005 
2993.99 5.24775E-005 
3018.02 5.16543E-005 
3042.04 5.08494E-005 
3066.07 5.00629E-005 
3090.09 4.92938E-005 
3114.11 4.8542E-005 
3138.14 4.78066E-005 
3162.16 4.70875E-005 
3186.19 4.6384E-005 
3210.21 4.56957E-005 
3234.23 4.50223E-005 
3258.26 4.43632E-005 
3282.28 4.37182E-005 
3306.31 4.30867E-005 
3330.33 4.24688E-005 
3354.35 4.18633E-005 
3378.38 4.12706E-005 
3402.4 4.06899E-005 
3426.43 4.01212E-005 
3450.45 3.95639E-005 
3474.47 3.90177E-005 
3498.5 3.84824E-005 
3522.52 3.7957E-005 
3546.55 3.74422E-005 
3570.57 3.69226E-005 
3594.59 3.64101E-005 
3618.62 3.59247E-005 
3642.64 3.54713E-005 
3666.67 3.50267E-005 
3690.69 3.45734E-005 
3714.71 3.41287E-005 
3738.74 3.36919E-005 
3762.76 3.3263E-005 
3786.79 3.28422E-005 
3810.81 3.24288E-005 
3834.83 3.20231E-005 
3858.86 3.16247E-005 
3882.88 3.12336E-005 
3906.91 3.08497E-005 
3930.93 3.04725E-005 
3954.96 3.01022E-005 
3978.98 2.97385E-005 
4003 2.93812E-005 
4027.03 2.90302E-005 
4051.05 2.86854E-005 
4075.07 2.83466E-005 
4099.1 2.80138E-005 
4123.12 2.76866E-005 
4147.15 2.73651E-005 
4171.17 2.70491E-005 
4195.2 2.67385E-005 
4219.22 2.64332E-005 
4243.24 2.6133E-005 
4267.27 2.58378E-005 
4291.29 2.55476E-005 
4315.32 2.52622E-005 
4339.34 2.49815E-005 
4363.36 2.47054E-005 
4387.39 2.44338E-005 
4411.41 2.41666E-005 
4435.44 2.39038E-005 
4459.46 2.36452E-005 
4483.48 2.33907E-005 
4507.51 2.31403E-005 
4531.53 2.28938E-005 
4555.56 2.26513E-005 
4579.58 2.24125E-005 
4603.6 2.21775E-005 
4627.63 2.19461E-005 
4651.65 2.17183E-005 
4675.68 2.1494E-005 
4699.7 2.12732E-005 
4723.72 2.10557E-005 
4747.75 2.08415E-005 
4771.77 2.06305E-005 
4795.8 2.04228E-005 
4819.82 2.02181E-005 
4843.84 2.00164E-005 
4867.87 1.98178E-005 
4891.89 1.9622E-005 
4915.92 1.94292E-005 
4939.94 1.92391E-005 
4963.96 1.90518E-005 
4987.99 1.88673E-005 
5012.01 1.86854E-005 
5036.04 1.8506E-005 
5060.06 1.83293E-005 
5084.08 1.8155E-005 
5108.11 1.79833E-005 
5132.13 1.78139E-005 
5156.16 1.76469E-005 
5180.18 1.74822E-005 
5204.2 1.73199E-005 
5228.23 1.71597E-005 
5252.25 1.70018E-005 
5276.28 1.6846E-005 
5300.3 1.66923E-005 
5324.32 1.65408E-005 
5348.35 1.63912E-005 
5372.37 1.62437E-005 
5396.4 1.60982E-005 
5420.42 1.59546E-005 
5444.44 1.58129E-005 
5468.47 1.56731E-005 
5492.49 1.55351E-005 
5516.52 1.53989E-005 
5540.54 1.52646E-005 
5564.56 1.51319E-005 
5588.59 1.5001E-005 
5612.61 1.48717E-005 
5636.64 1.47442E-005 
5660.66 1.46182E-005 
5684.68 1.44939E-005 
5708.71 1.43711E-005 
5732.73 1.42499E-005 
5756.76 1.41302E-005 
5780.78 1.4012E-005 
5804.8 1.38952E-005 
5828.83 1.37799E-005 
5852.85 1.36661E-005 
5876.88 1.35536E-005 
5900.9 1.34426E-005 
5924.92 1.33329E-005 
5948.95 1.32245E-005 
5972.97 1.31174E-005 
5997 1.30116E-005 
6021.02 1.29071E-005 
6045.04 1.28039E-005 
6069.07 1.27019E-005 
6093.09 1.26011E-005 
6117.12 1.25014E-005 
6141.14 1.2403E-005 
6165.17 1.23057E-005 
6189.19 1.22096E-005 
6213.21 1.21145E-005 
6237.24 1.20206E-005 
6261.26 1.19278E-005 
6285.29 1.1836E-005 
6309.31 1.17453E-005 
6333.33 1.16556E-005 
6357.36 1.1567E-005 
6381.38 1.14793E-005 
6405.41 1.13927E-005 
6429.43 1.1307E-005 
6453.45 1.12223E-005 
6477.48 1.11385E-005 
6501.5 1.10557E-005 
6525.53 1.09738E-005 
6549.55 1.08927E-005 
6573.57 1.08126E-005 
6597.6 1.07334E-005 
6621.62 1.0655E-005 
6645.65 1.05775E-005 
6669.67 1.05008E-005 
6693.69 1.0425E-005 
6717.72 1.035E-005 
6741.74 1.02757E-005 
6765.77 1.02023E-005 
6789.79 1.01297E-005 
6813.81 1.00578E-005 
6837.84 9.9867E-006 
6861.86 9.91634E-006 
6885.89 9.84673E-006 
6909.91 9.77785E-006 
6933.93 9.70968E-006 
6957.96 9.64222E-006 
6981.98 9.57547E-006 
7006.01 9.50941E-006 
7030.03 9.44403E-006 
7054.05 9.37932E-006 
7078.08 9.31527E-006 
7102.1 9.25188E-006 
7126.13 9.18914E-006 
7150.15 9.12702E-006 
7174.17 9.06553E-006 
7198.2 9.00466E-006 
7222.22 8.94442E-006 
7246.25 8.88477E-006 
7270.27 8.82571E-006 
7294.29 8.76724E-006 
7318.32 8.70935E-006 
7342.34 8.65203E-006 
7366.37 8.59528E-006 
7390.39 8.53908E-006 
7414.41 8.48342E-006 
7438.44 8.42832E-006 
7462.46 8.37375E-006 
7486.49 8.31972E-006 
7510.51 8.2662E-006 
7534.53 8.2132E-006 
7558.56 8.1607E-006 
7582.58 8.10871E-006 
7606.61 8.05721E-006 
7630.63 8.0062E-006 
7654.65 7.95567E-006 
7678.68 7.90562E-006 
7702.7 7.85605E-006 
7726.73 7.80694E-006 
7750.75 7.75829E-006 
7774.77 7.7101E-006 
7798.8 7.66235E-006 
7822.82 7.61505E-006 
7846.85 7.56819E-006 
7870.87 7.52175E-006 
7894.9 7.47575E-006 
7918.92 7.43016E-006 
7942.94 7.38499E-006 
7966.97 7.34024E-006 
7990.99 7.29589E-006 
8015.02 7.25193E-006 
8039.04 7.20838E-006 
8063.06 7.16522E-006 
8087.09 7.12245E-006 
8111.11 7.08006E-006 
8135.14 7.03805E-006 
8159.16 6.99641E-006 
8183.18 6.95513E-006 
8207.21 6.91424E-006 
8231.23 6.87369E-006 
8255.26 6.83351E-006 
8279.28 6.79367E-006 
8303.3 6.75418E-006 
8327.33 6.71505E-006 
8351.35 6.67625E-006 
8375.38 6.63779E-006 
8399.4 6.59966E-006 
8423.42 6.56186E-006 
8447.45 6.52438E-006 
8471.47 6.48723E-006 
8495.5 6.4504E-006 
8519.52 6.41389E-006 
8543.54 6.37768E-006 
8567.57 6.34177E-006 
8591.59 6.30618E-006 
8615.62 6.27089E-006 
8639.64 6.2359E-006 
8663.66 6.20119E-006 
8687.69 6.16678E-006 
8711.71 6.13265E-006 
8735.74 6.09881E-006 
8759.76 6.06526E-006 
8783.78 6.03199E-006 
8807.81 5.99899E-006 
8831.83 5.96626E-006 
8855.86 5.93379E-006 
8879.88 5.90161E-006 
8903.9 5.86969E-006 
8927.93 5.83803E-006 
8951.95 5.80663E-006 
8975.98 5.77548E-006 
9000 5.74457E-006 
9024.02 5.71395E-006 
9048.05 5.68357E-006 
9072.07 5.65343E-006 
9096.1 5.62354E-006 
9120.12 5.59387E-006 
9144.14 5.56445E-006 
9168.17 5.53528E-006 
9192.19 5.50636E-006 
9216.22 5.47766E-006 
9240.24 5.44919E-006 
9264.26 5.42094E-006 
9288.29 5.39291E-006 
9312.31 5.36514E-006 
9336.34 5.33761E-006 
9360.36 5.3103E-006 
9384.38 5.2832E-006 
9408.41 5.2563E-006 
9432.43 5.22961E-006 
9456.46 5.20317E-006 
9480.48 5.17706E-006 
9504.5 5.15115E-006 
9528.53 5.12543E-006 
9552.55 5.09991E-006 
9576.58 5.07458E-006 
9600.6 5.04943E-006 
9624.62 5.02514E-006 
9648.65 5.00108E-006 
9672.67 4.9772E-006 
9696.7 4.9535E-006 
9720.72 4.92996E-006 
9744.74 4.9066E-006 
9768.77 4.88258E-006 
9792.79 4.85774E-006 
9816.82 4.8331E-006 
9840.84 4.80863E-006 
9864.86 4.78435E-006 
9888.89 4.76025E-006 
9912.91 4.73632E-006 
9936.94 4.71234E-006 
9960.96 4.6885E-006 
9984.98 4.66484E-006 
10009 4.64135E-006 
10033 4.61804E-006 
10057.1 4.59489E-006 
10081.1 4.57208E-006 
10105.1 4.55006E-006 
10129.1 4.5282E-006 
10153.2 4.50649E-006 
10177.2 4.48493E-006 
10201.2 4.46353E-006 
10225.2 4.44228E-006 
10249.2 4.42118E-006 
10273.3 4.40022E-006 
10297.3 4.37941E-006 
10321.3 4.35874E-006 
10345.3 4.33822E-006 
10369.4 4.31784E-006 
10393.4 4.2976E-006 
10417.4 4.27753E-006 
10441.4 4.25762E-006 
10465.5 4.23784E-006 
10489.5 4.2182E-006 
10513.5 4.1987E-006 
10537.5 4.17932E-006 
10561.6 4.16009E-006 
10585.6 4.14099E-006 
10609.6 4.12205E-006 
10633.6 4.10323E-006 
10657.7 4.08454E-006 
10681.7 4.06598E-006 
10705.7 4.04754E-006 
10729.7 4.02923E-006 
10753.8 4.01105E-006 
10777.8 3.993E-006 
10801.8 3.97507E-006 
10825.8 3.95727E-006 
10849.8 3.93958E-006 
10873.9 3.92201E-006 
10897.9 3.90455E-006 
10921.9 3.88722E-006 
10945.9 3.87001E-006 
10970 3.85292E-006 
10994 3.83594E-006 
11018 3.81907E-006 
11042 3.80231E-006 
11066.1 3.78566E-006 
11090.1 3.76912E-006 
11114.1 3.7527E-006 
11138.1 3.73639E-006 
11162.2 3.72018E-006 
11186.2 3.70408E-006 
11210.2 3.68808E-006 
11234.2 3.67218E-006 
11258.3 3.65639E-006 
11282.3 3.6407E-006 
11306.3 3.62511E-006 
11330.3 3.60963E-006 
11354.4 3.59425E-006 
11378.4 3.57896E-006 
11402.4 3.56377E-006 
11426.4 3.54867E-006 
11450.5 3.53367E-006 
11474.5 3.51878E-006 
11498.5 3.50398E-006 
11522.5 3.48927E-006 
11546.5 3.47465E-006 
11570.6 3.46013E-006 
11594.6 3.44569E-006 
11618.6 3.43135E-006 
11642.6 3.41709E-006 
11666.7 3.40293E-006 
11690.7 3.38886E-006 
11714.7 3.37487E-006 
11738.7 3.36097E-006 
11762.8 3.34715E-006 
11786.8 3.33342E-006 
11810.8 3.31977E-006 
11834.8 3.30621E-006 
11858.9 3.29274E-006 
11882.9 3.27934E-006 
11906.9 3.26603E-006 
11930.9 3.2528E-006 
11955 3.23965E-006 
11979 3.22658E-006 
12003 3.21359E-006 
12027 3.20067E-006 
12051.1 3.18784E-006 
12075.1 3.17509E-006 
12099.1 3.16241E-006 
12123.1 3.1498E-006 
12147.1 3.13727E-006 
12171.2 3.12482E-006 
12195.2 3.11243E-006 
12219.2 3.10013E-006 
12243.2 3.0879E-006 
12267.3 3.07574E-006 
12291.3 3.06365E-006 
12315.3 3.05163E-006 
12339.3 3.03969E-006 
12363.4 3.02781E-006 
12387.4 3.016E-006 
12411.4 3.00426E-006 
12435.4 2.9926E-006 
12459.5 2.981E-006 
12483.5 2.96947E-006 
12507.5 2.958E-006 
12531.5 2.94661E-006 
12555.6 2.93527E-006 
12579.6 2.924E-006 
12603.6 2.9128E-006 
12627.6 2.90166E-006 
12651.7 2.89059E-006 
12675.7 2.87958E-006 
12699.7 2.86864E-006 
12723.7 2.85775E-006 
12747.7 2.84693E-006 
12771.8 2.83617E-006 
12795.8 2.82547E-006 
12819.8 2.81483E-006 
12843.8 2.80425E-006 
12867.9 2.79373E-006 
12891.9 2.78327E-006 
12915.9 2.77287E-006 
12939.9 2.76253E-006 
12964 2.75224E-006 
12988 2.74201E-006 
13012 2.73184E-006 
13036 2.72173E-006 
13060.1 2.71167E-006 
13084.1 2.70167E-006 
13108.1 2.69172E-006 
13132.1 2.68183E-006 
13156.2 2.67199E-006 
13180.2 2.66221E-006 
13204.2 2.65248E-006 
13228.2 2.6428E-006 
13252.3 2.63318E-006 
13276.3 2.62361E-006 
13300.3 2.61409E-006 
13324.3 2.60463E-006 
13348.3 2.59521E-006 
13372.4 2.58585E-006 
13396.4 2.57653E-006 
13420.4 2.56727E-006 
13444.4 2.55806E-006 
13468.5 2.5489E-006 
13492.5 2.53978E-006 
13516.5 2.53072E-006 
13540.5 2.5217E-006 
13564.6 2.51273E-006 
13588.6 2.50381E-006 
13612.6 2.49494E-006 
13636.6 2.48611E-006 
13660.7 2.47733E-006 
13684.7 2.4686E-006 
13708.7 2.45992E-006 
13732.7 2.45128E-006 
13756.8 2.44268E-006 
13780.8 2.43413E-006 
13804.8 2.42563E-006 
13828.8 2.41717E-006 
13852.9 2.40875E-006 
13876.9 2.40038E-006 
13900.9 2.39205E-006 
13924.9 2.38376E-006 
13948.9 2.37552E-006 
13973 2.36732E-006 
13997 2.35917E-006 
14021 2.35105E-006 
14045 2.34298E-006 
14069.1 2.33495E-006 
14093.1 2.32696E-006 
14117.1 2.31901E-006 
14141.1 2.3111E-006 
14165.2 2.30324E-006 
14189.2 2.29541E-006 
14213.2 2.28762E-006 
14237.2 2.27988E-006 
14261.3 2.27217E-006 
14285.3 2.2645E-006 
14309.3 2.25687E-006 
14333.3 2.24928E-006 
14357.4 2.24172E-006 
14381.4 2.23421E-006 
14405.4 2.22673E-006 
14429.4 2.21929E-006 
14453.5 2.21189E-006 
14477.5 2.20452E-006 
14501.5 2.19719E-006 
14525.5 2.1899E-006 
14549.5 2.18264E-006 
14573.6 2.17542E-006 
14597.6 2.16824E-006 
14621.6 2.16109E-006 
14645.6 2.15398E-006 
14669.7 2.1469E-006 
14693.7 2.13986E-006 
14717.7 2.13285E-006 
14741.7 2.12587E-006 
14765.8 2.11893E-006 
14789.8 2.11202E-006 
14813.8 2.10515E-006 
14837.8 2.09831E-006 
14861.9 2.09151E-006 
14885.9 2.08474E-006 
14909.9 2.078E-006 
14933.9 2.07129E-006 
14958 2.06462E-006 
14982 2.05798E-006 
15006 2.05137E-006 
15030 2.04479E-006 
15054.1 2.03824E-006 
15078.1 2.03173E-006 
15102.1 2.02524E-006 
15126.1 2.01879E-006 
15150.2 2.01237E-006 
15174.2 2.00597E-006 
15198.2 1.99961E-006 
15222.2 1.99328E-006 
15246.2 1.98698E-006 
15270.3 1.98071E-006 
15294.3 1.97447E-006 
15318.3 1.96826E-006 
15342.3 1.96207E-006 
15366.4 1.95592E-006 
15390.4 1.9498E-006 
15414.4 1.9437E-006 
15438.4 1.93764E-006 
15462.5 1.9316E-006 
15486.5 1.92559E-006 
15510.5 1.9196E-006 
15534.5 1.91365E-006 
15558.6 1.90772E-006 
15582.6 1.90182E-006 
15606.6 1.89595E-006 
15630.6 1.89011E-006 
15654.7 1.88429E-006 
15678.7 1.8785E-006 
15702.7 1.87274E-006 
15726.7 1.867E-006 
15750.8 1.86129E-006 
15774.8 1.8556E-006 
15798.8 1.84994E-006 
15822.8 1.84431E-006 
15846.8 1.8387E-006 
15870.9 1.83312E-006 
15894.9 1.82757E-006 
15918.9 1.82204E-006 
15942.9 1.81653E-006 
15967 1.81105E-006 
15991 1.80559E-006 
16015 1.80016E-006 
16039 1.79475E-006 
16063.1 1.78937E-006 
16087.1 1.78401E-006 
16111.1 1.77868E-006 
16135.1 1.77337E-006 
16159.2 1.76808E-006 
16183.2 1.76282E-006 
16207.2 1.75758E-006 
16231.2 1.75236E-006 
16255.3 1.74717E-006 
16279.3 1.74199E-006 
16303.3 1.73685E-006 
16327.3 1.73172E-006 
16351.4 1.72662E-006 
16375.4 1.72154E-006 
16399.4 1.71649E-006 
16423.4 1.71145E-006 
16447.4 1.70644E-006 
16471.5 1.70145E-006 
16495.5 1.69648E-006 
16519.5 1.69153E-006 
16543.5 1.68661E-006 
16567.6 1.68171E-006 
16591.6 1.67682E-006 
16615.6 1.67196E-006 
16639.6 1.66712E-006 
16663.7 1.6623E-006 
16687.7 1.65751E-006 
16711.7 1.65273E-006 
16735.7 1.64797E-006 
16759.8 1.64324E-006 
16783.8 1.63852E-006 
16807.8 1.63382E-006 
16831.8 1.62915E-006 
16855.9 1.62449E-006 
16879.9 1.61986E-006 
16903.9 1.61525E-006 
16927.9 1.61065E-006 
16952 1.60607E-006 
16976 1.60152E-006 
17000 1.59698E-006 
17024 1.59246E-006 
17048 1.58797E-006 
17072.1 1.58349E-006 
17096.1 1.57903E-006 
17120.1 1.57458E-006 
17144.1 1.57016E-006 
17168.2 1.56576E-006 
17192.2 1.56137E-006 
17216.2 1.557E-006 
17240.2 1.55265E-006 
17264.3 1.54832E-006 
17288.3 1.54401E-006 
17312.3 1.53972E-006 
17336.3 1.53544E-006 
17360.4 1.53118E-006 
17384.4 1.52694E-006 
17408.4 1.52271E-006 
17432.4 1.51851E-006 
17456.5 1.51432E-006 
17480.5 1.51015E-006 
17504.5 1.50599E-006 
17528.5 1.50185E-006 
17552.6 1.49773E-006 
17576.6 1.49363E-006 
17600.6 1.48954E-006 
17624.6 1.48547E-006 
17648.6 1.48142E-006 
17672.7 1.47738E-006 
17696.7 1.47336E-006 
17720.7 1.46936E-006 
17744.7 1.46538E-006 
17768.8 1.4614E-006 
17792.8 1.45745E-006 
17816.8 1.45351E-006 
17840.8 1.44959E-006 
17864.9 1.44568E-006 
17888.9 1.44179E-006 
17912.9 1.43792E-006 
17936.9 1.43406E-006 
17961 1.43021E-006 
17985 1.42638E-006 
18009 1.42257E-006 
18033 1.41877E-006 
18057.1 1.41499E-006 
18081.1 1.41122E-006 
18105.1 1.40747E-006 
18129.1 1.40373E-006 
18153.2 1.40001E-006 
18177.2 1.3963E-006 
18201.2 1.39261E-006 
18225.2 1.38893E-006 
18249.2 1.38526E-006 
18273.3 1.38161E-006 
18297.3 1.37798E-006 
18321.3 1.37436E-006 
18345.3 1.37075E-006 
18369.4 1.36716E-006 
18393.4 1.36358E-006 
18417.4 1.36001E-006 
18441.4 1.35646E-006 
18465.5 1.35293E-006 
18489.5 1.34941E-006 
18513.5 1.3459E-006 
18537.5 1.3424E-006 
18561.6 1.33892E-006 
18585.6 1.33545E-006 
18609.6 1.332E-006 
18633.6 1.32856E-006 
18657.7 1.32513E-006 
18681.7 1.32171E-006 
18705.7 1.31831E-006 
18729.7 1.31492E-006 
18753.8 1.31155E-006 
18777.8 1.30818E-006 
18801.8 1.30484E-006 
18825.8 1.3015E-006 
18849.8 1.29817E-006 
18873.9 1.29486E-006 
18897.9 1.29157E-006 
18921.9 1.28828E-006 
18945.9 1.28501E-006 
18970 1.28175E-006 
18994 1.2785E-006 
19018 1.27526E-006 
19042 1.27204E-006 
19066.1 1.26883E-006 
19090.1 1.26563E-006 
19114.1 1.26244E-006 
19138.1 1.25926E-006 
19162.2 1.2561E-006 
19186.2 1.25295E-006 
19210.2 1.24981E-006 
19234.2 1.24668E-006 
19258.3 1.24357E-006 
19282.3 1.24046E-006 
19306.3 1.23737E-006 
19330.3 1.23429E-006 
19354.4 1.23122E-006 
19378.4 1.22816E-006 
19402.4 1.22512E-006 
19426.4 1.22208E-006 
19450.5 1.21906E-006 
19474.5 1.21604E-006 
19498.5 1.21304E-006 
19522.5 1.21005E-006 
19546.5 1.20707E-006 
19570.6 1.2041E-006 
19594.6 1.20114E-006 
19618.6 1.1982E-006 
19642.6 1.19526E-006 
19666.7 1.19234E-006 
19690.7 1.18942E-006 
19714.7 1.18652E-006 
19738.7 1.18363E-006 
19762.8 1.18074E-006 
19786.8 1.17787E-006 
19810.8 1.17501E-006 
19834.8 1.17216E-006 
19858.9 1.16932E-006 
19882.9 1.16649E-006 
19906.9 1.16367E-006 
19930.9 1.16086E-006 
19955 1.15806E-006 
19979 1.15527E-006 
20003 1.15249E-006 
20027 1.14972E-006 
20051.1 1.14696E-006 
20075.1 1.14421E-006 
20099.1 1.14147E-006 
20123.1 1.13874E-006 
20147.1 1.13602E-006 
20171.2 1.13331E-006 
20195.2 1.13061E-006 
20219.2 1.12791E-006 
20243.2 1.12523E-006 
20267.3 1.12256E-006 
20291.3 1.1199E-006 
20315.3 1.11725E-006 
20339.3 1.1146E-006 
20363.4 1.11197E-006 
20387.4 1.10934E-006 
20411.4 1.10673E-006 
20435.4 1.10412E-006 
20459.5 1.10152E-006 
20483.5 1.09894E-006 
20507.5 1.09636E-006 
20531.5 1.09379E-006 
20555.6 1.09123E-006 
20579.6 1.08868E-006 
20603.6 1.08613E-006 
20627.6 1.0836E-006 
20651.7 1.08108E-006 
20675.7 1.07856E-006 
20699.7 1.07605E-006 
20723.7 1.07355E-006 
20747.7 1.07106E-006 
20771.8 1.06858E-006 
20795.8 1.06611E-006 
20819.8 1.06365E-006 
20843.8 1.06119E-006 
20867.9 1.05874E-006 
20891.9 1.0563E-006 
20915.9 1.05387E-006 
20939.9 1.05145E-006 
20964 1.04904E-006 
20988 1.04663E-006 
21012 1.04424E-006 
21036 1.04185E-006 
21060.1 1.03947E-006 
21084.1 1.03709E-006 
21108.1 1.03473E-006 
21132.1 1.03237E-006 
21156.2 1.03003E-006 
21180.2 1.02769E-006 
21204.2 1.02535E-006 
21228.2 1.02303E-006 
21252.3 1.02071E-006 
21276.3 1.01841E-006 
21300.3 1.0161E-006 
21324.3 1.01381E-006 
21348.3 1.01153E-006 
21372.4 1.00925E-006 
21396.4 1.00698E-006 
21420.4 1.00472E-006 
21444.4 1.00246E-006 
21468.5 1.00022E-006 
21492.5 9.97977E-007 
21516.5 9.95745E-007 
21540.5 9.93521E-007 
21564.6 9.91304E-007 
21588.6 9.89095E-007 
21612.6 9.86893E-007 
21636.6 9.84698E-007 
21660.7 9.82511E-007 
21684.7 9.80331E-007 
21708.7 9.78158E-007 
21732.7 9.75992E-007 
21756.8 9.73834E-007 
21780.8 9.71683E-007 
21804.8 9.69539E-007 
21828.8 9.67402E-007 
21852.9 9.65272E-007 
21876.9 9.6315E-007 
21900.9 9.61034E-007 
21924.9 9.58925E-007 
21948.9 9.56823E-007 
21973 9.54728E-007 
21997 9.5264E-007 
22021 9.50559E-007 
22045 9.48484E-007 
22069.1 9.46416E-007 
22093.1 9.44356E-007 
22117.1 9.42301E-007 
22141.1 9.40254E-007 
22165.2 9.38213E-007 
22189.2 9.36179E-007 
22213.2 9.34151E-007 
22237.2 9.3213E-007 
22261.3 9.30116E-007 
22285.3 9.28108E-007 
22309.3 9.26106E-007 
22333.3 9.24111E-007 
22357.4 9.22123E-007 
22381.4 9.20141E-007 
22405.4 9.18165E-007 
22429.4 9.16195E-007 
22453.5 9.14232E-007 
22477.5 9.12275E-007 
22501.5 9.10325E-007 
22525.5 9.08381E-007 
22549.5 9.06443E-007 
22573.6 9.04511E-007 
22597.6 9.02585E-007 
22621.6 9.00666E-007 
22645.6 8.98752E-007 
22669.7 8.96845E-007 
22693.7 8.94944E-007 
22717.7 8.93049E-007 
22741.7 8.91159E-007 
22765.8 8.89276E-007 
22789.8 8.87399E-007 
22813.8 8.85527E-007 
22837.8 8.83662E-007 
22861.9 8.81802E-007 
22885.9 8.79949E-007 
22909.9 8.78101E-007 
22933.9 8.76259E-007 
22958 8.74423E-007 
22982 8.72592E-007 
23006 8.70767E-007 
23030 8.68948E-007 
23054.1 8.67135E-007 
23078.1 8.65327E-007 
23102.1 8.63525E-007 
23126.1 8.61729E-007 
23150.2 8.59938E-007 
23174.2 8.58153E-007 
23198.2 8.56373E-007 
23222.2 8.54599E-007 
23246.2 8.52831E-007 
23270.3 8.51068E-007 
23294.3 8.4931E-007 
23318.3 8.47558E-007 
23342.3 8.45812E-007 
23366.4 8.4407E-007 
23390.4 8.42334E-007 
23414.4 8.40604E-007 
23438.4 8.38879E-007 
23462.5 8.37159E-007 
23486.5 8.35444E-007 
23510.5 8.33735E-007 
23534.5 8.32031E-007 
23558.6 8.30332E-007 
23582.6 8.28638E-007 
23606.6 8.2695E-007 
23630.6 8.25266E-007 
23654.7 8.23588E-007 
23678.7 8.21915E-007 
23702.7 8.20247E-007 
23726.7 8.18584E-007 
23750.8 8.16927E-007 
23774.8 8.15274E-007 
23798.8 8.13626E-007 
23822.8 8.11983E-007 
23846.8 8.10345E-007 
23870.9 8.08712E-007 
23894.9 8.07084E-007 
23918.9 8.05461E-007 
23942.9 8.03843E-007 
23967 8.0223E-007 
23991 8.00621E-007 
24015 7.99018E-007 
24039 7.97419E-007 
24063.1 7.95825E-007 
24087.1 7.94236E-007 
24111.1 7.92651E-007 
24135.1 7.91071E-007 
24159.2 7.89496E-007 
24183.2 7.87926E-007 
24207.2 7.8636E-007 
24231.2 7.84799E-007 
24255.3 7.83242E-007 
24279.3 7.81691E-007 
24303.3 7.80143E-007 
24327.3 7.78601E-007 
24351.4 7.77063E-007 
24375.4 7.75529E-007 
24399.4 7.74E-007 
24423.4 7.72476E-007 
24447.4 7.70956E-007 
24471.5 7.69441E-007 
24495.5 7.6793E-007 
24519.5 7.66424E-007 
24543.5 7.64922E-007 
24567.6 7.63424E-007 
24591.6 7.61931E-007 
24615.6 7.60442E-007 
24639.6 7.58958E-007 
24663.7 7.57477E-007 
24687.7 7.56002E-007 
24711.7 7.5453E-007 
24735.7 7.53063E-007 
24759.8 7.516E-007 
24783.8 7.50142E-007 
24807.8 7.48687E-007 
24831.8 7.47237E-007 
24855.9 7.45792E-007 
24879.9 7.4435E-007 
24903.9 7.42912E-007 
24927.9 7.41479E-007 
24952 7.4005E-007 
24976 7.38625E-007 
25000 7.37204E-007 
