1000 7.01749E-005 
1024.02 6.42898E-005 
1048.05 5.90093E-005 
1072.07 5.84513E-005 
1096.1 5.38572E-005 
1120.12 4.97436E-005 
1144.14 4.60345E-005 
1168.17 4.26657E-005 
1192.19 3.96007E-005 
1216.22 3.68168E-005 
1240.24 3.42736E-005 
1264.26 3.1942E-005 
1288.29 2.97997E-005 
1312.31 2.78328E-005 
1336.34 2.60301E-005 
1360.36 2.43736E-005 
1384.38 2.28486E-005 
1408.41 2.1442E-005 
1432.43 2.01431E-005 
1456.46 1.8942E-005 
1480.48 1.78286E-005 
1504.5 1.67908E-005 
1528.53 1.58226E-005 
1552.55 1.49234E-005 
1576.58 1.46926E-005 
1600.6 1.38855E-005 
1624.62 1.31338E-005 
1648.65 1.24328E-005 
1672.67 1.17783E-005 
1696.7 1.1167E-005 
1720.72 1.05964E-005 
1744.74 1.00581E-005 
1768.77 9.55185E-006 
1792.79 9.07615E-006 
1816.82 8.62912E-006 
1840.84 2.21007E-005 
1864.86 2.11184E-005 
1888.89 2.0192E-005 
1912.91 1.93163E-005 
1936.94 1.8488E-005 
1960.96 1.77041E-005 
1984.99 1.69652E-005 
2009.01 1.62692E-005 
2033.03 1.56065E-005 
2057.06 1.49685E-005 
2081.08 1.43643E-005 
2105.1 1.37889E-005 
2129.13 1.32407E-005 
2153.15 1.272E-005 
2177.18 1.22247E-005 
2201.2 1.17519E-005 
2225.23 1.13017E-005 
2249.25 1.08735E-005 
2273.27 1.04641E-005 
2297.3 1.00739E-005 
2321.32 9.70216E-006 
2345.35 9.34603E-006 
2369.37 9.00658E-006 
2393.39 8.68244E-006 
2417.42 8.3715E-006 
2441.44 8.07574E-006 
2465.47 7.79195E-006 
2489.49 7.5203E-006 
2513.51 7.26101E-006 
2537.54 7.01153E-006 
2561.56 6.77389E-006 
2585.59 6.54534E-006 
2609.61 6.32637E-006 
2633.63 6.11665E-006 
2657.66 5.91469E-006 
2681.68 5.72214E-006 
2705.71 5.53617E-006 
2729.73 5.35861E-006 
2753.75 5.18723E-006 
2777.78 5.02312E-006 
2801.8 4.86514E-006 
2825.83 4.71347E-006 
2849.85 4.56759E-006 
2873.87 4.42703E-006 
2897.9 4.29205E-006 
2921.92 4.16177E-006 
2945.95 4.03681E-006 
2969.97 3.91604E-006 
2993.99 3.80021E-006 
3018.02 3.68815E-006 
3042.04 3.58058E-006 
3066.07 3.47646E-006 
3090.09 3.37642E-006 
3114.11 3.27962E-006 
3138.14 3.18648E-006 
3162.16 3.09644E-006 
3186.19 3.0096E-006 
3210.21 2.9258E-006 
3234.23 2.84473E-006 
3258.26 2.76667E-006 
3282.28 2.69088E-006 
3306.31 2.61811E-006 
3330.33 2.54716E-006 
3354.35 2.47931E-006 
3378.38 2.41312E-006 
3402.4 2.34949E-006 
3426.43 2.28769E-006 
3450.45 2.22794E-006 
3474.47 2.17023E-006 
3498.5 2.11406E-006 
3522.52 2.0601E-006 
3546.55 2.0074E-006 
3570.57 1.95676E-006 
3594.59 1.90747E-006 
3618.62 1.88328E-006 
3642.64 1.83657E-006 
3666.67 1.79092E-006 
3690.69 1.74719E-006 
3714.71 1.70445E-006 
3738.74 1.66309E-006 
3762.76 1.62302E-006 
3786.79 1.58385E-006 
3810.81 1.54628E-006 
3834.83 1.50952E-006 
3858.86 1.4739E-006 
3882.88 1.43941E-006 
3906.91 1.40566E-006 
3930.93 1.37321E-006 
3954.96 1.34152E-006 
3978.98 1.31065E-006 
4003 1.28087E-006 
4027.03 1.25171E-006 
4051.05 1.22349E-006 
4075.07 1.19609E-006 
4099.1 1.16924E-006 
4123.12 1.1434E-006 
4147.15 1.11817E-006 
4171.17 1.09348E-006 
4195.2 1.06974E-006 
4219.22 1.04647E-006 
4243.24 1.02379E-006 
4267.27 1.00188E-006 
4291.29 9.80396E-007 
4315.32 9.59515E-007 
4339.34 9.39282E-007 
4363.36 9.19436E-007 
4387.39 9.00182E-007 
4411.41 8.81481E-007 
4435.44 8.6313E-007 
4459.46 8.45345E-007 
4483.48 8.28044E-007 
4507.51 8.11062E-007 
4531.53 7.94599E-007 
4555.56 7.78575E-007 
4579.58 7.62843E-007 
4603.6 7.47577E-007 
4627.63 7.32731E-007 
4651.65 7.18151E-007 
4675.68 7.03969E-007 
4699.7 6.90199E-007 
4723.72 6.76672E-007 
4747.75 6.63473E-007 
4771.77 6.50695E-007 
4795.8 6.38138E-007 
4819.82 6.25833E-007 
4843.84 6.13966E-007 
4867.87 6.02301E-007 
4891.89 5.90836E-007 
4915.92 5.79775E-007 
4939.94 5.68927E-007 
4963.96 5.58262E-007 
4987.99 5.47909E-007 
5012.01 5.3782E-007 
5036.04 5.27899E-007 
5060.06 5.18191E-007 
5084.08 5.08794E-007 
5108.11 4.99551E-007 
5132.13 4.90459E-007 
5156.16 4.81676E-007 
5180.18 4.73065E-007 
5204.2 4.64592E-007 
5228.23 4.56325E-007 
5252.25 4.48299E-007 
5276.28 4.40401E-007 
5300.3 4.32627E-007 
5324.32 4.25117E-007 
5348.35 4.17744E-007 
5372.37 4.10487E-007 
5396.4 4.03387E-007 
5420.42 3.96504E-007 
5444.44 3.89726E-007 
5468.47 3.83053E-007 
5492.49 3.76576E-007 
5516.52 3.70245E-007 
5540.54 3.64009E-007 
5564.56 3.57867E-007 
5588.59 3.51944E-007 
5612.61 3.46111E-007 
5636.64 3.40365E-007 
5660.66 3.34732E-007 
5684.68 3.29276E-007 
5708.71 3.239E-007 
5732.73 3.18603E-007 
5756.76 3.13431E-007 
5780.78 3.08399E-007 
5804.8 3.0344E-007 
5828.83 2.98551E-007 
5852.85 2.93792E-007 
5876.88 2.89146E-007 
5900.9 2.84565E-007 
5924.92 2.8005E-007 
5948.95 2.75657E-007 
5972.97 2.71361E-007 
5997 2.67125E-007 
6021.02 2.62947E-007 
6045.04 2.58886E-007 
6069.07 2.54915E-007 
6093.09 2.50998E-007 
6117.12 2.47134E-007 
6141.14 2.43371E-007 
6165.17 2.39694E-007 
6189.19 2.36066E-007 
6213.21 2.32487E-007 
6237.24 2.28992E-007 
6261.26 2.25586E-007 
6285.29 2.22226E-007 
6309.31 2.1891E-007 
6333.33 2.15656E-007 
6357.36 2.12495E-007 
6381.38 2.09375E-007 
6405.41 2.06296E-007 
6429.43 2.03257E-007 
6453.45 2.00328E-007 
6477.48 1.97437E-007 
6501.5 1.94584E-007 
6525.53 1.91767E-007 
6549.55 1.89025E-007 
6573.57 1.86338E-007 
6597.6 1.83684E-007 
6621.62 1.81064E-007 
6645.65 1.78493E-007 
6669.67 1.75996E-007 
6693.69 1.7353E-007 
6717.72 1.71094E-007 
6741.74 1.68689E-007 
6765.77 1.66356E-007 
6789.79 1.64063E-007 
6813.81 1.61797E-007 
6837.84 1.5956E-007 
6861.86 1.57362E-007 
6885.89 1.55228E-007 
6909.91 1.53119E-007 
6933.93 1.51035E-007 
6957.96 1.48977E-007 
6981.98 1.46973E-007 
7006.01 1.45008E-007 
7030.03 1.43067E-007 
7054.05 1.41149E-007 
7078.08 1.39253E-007 
7102.1 1.3742E-007 
7126.13 1.3561E-007 
7150.15 1.33822E-007 
7174.17 1.32054E-007 
7198.2 1.30314E-007 
7222.22 1.28626E-007 
7246.25 1.26957E-007 
7270.27 1.25308E-007 
7294.29 1.23678E-007 
7318.32 1.22078E-007 
7342.34 1.20521E-007 
7366.37 1.18981E-007 
7390.39 1.17458E-007 
7414.41 1.15953E-007 
7438.44 1.14479E-007 
7462.46 1.1304E-007 
7486.49 1.11617E-007 
7510.51 1.1021E-007 
7534.53 1.08818E-007 
7558.56 1.07455E-007 
7582.58 1.06125E-007 
7606.61 1.04809E-007 
7630.63 1.03508E-007 
7654.65 1.02221E-007 
7678.68 1.00957E-007 
7702.7 9.97264E-008 
7726.73 9.8509E-008 
7750.75 9.73047E-008 
7774.77 9.61134E-008 
7798.8 9.49396E-008 
7822.82 9.37999E-008 
7846.85 9.26724E-008 
7870.87 9.15569E-008 
7894.9 9.04533E-008 
7918.92 8.93614E-008 
7942.94 8.83039E-008 
7966.97 8.72594E-008 
7990.99 8.62258E-008 
8015.02 8.52031E-008 
8039.04 8.4191E-008 
8063.06 8.32027E-008 
8087.09 8.22338E-008 
8111.11 8.12748E-008 
8135.14 8.03257E-008 
8159.16 7.93864E-008 
8183.18 7.84604E-008 
8207.21 7.75612E-008 
8231.23 7.66711E-008 
8255.26 7.57901E-008 
8279.28 7.4918E-008 
8303.3 7.40547E-008 
8327.33 7.32132E-008 
8351.35 7.23866E-008 
8375.38 7.15683E-008 
8399.4 7.07581E-008 
8423.42 6.9956E-008 
8447.45 6.91631E-008 
8471.47 6.83946E-008 
8495.5 6.76336E-008 
8519.52 6.688E-008 
8543.54 6.61339E-008 
8567.57 6.53951E-008 
8591.59 6.467E-008 
8615.62 6.39621E-008 
8639.64 6.32611E-008 
8663.66 6.25668E-008 
8687.69 6.18793E-008 
8711.71 6.11983E-008 
8735.74 6.05334E-008 
8759.76 5.98809E-008 
8783.78 5.92347E-008 
8807.81 5.85945E-008 
8831.83 5.79605E-008 
8855.86 5.73325E-008 
8879.88 5.67209E-008 
8903.9 5.61189E-008 
8927.93 5.55225E-008 
8951.95 5.49316E-008 
8975.98 5.43463E-008 
9000 5.37665E-008 
9024.02 5.32022E-008 
9048.05 5.26461E-008 
9072.07 5.20952E-008 
9096.1 5.15494E-008 
9120.12 5.10085E-008 
9144.14 5.04726E-008 
9168.17 4.99503E-008 
9192.19 4.94361E-008 
9216.22 4.89267E-008 
9240.24 4.84219E-008 
9264.26 4.79217E-008 
9288.29 4.74259E-008 
9312.31 4.69409E-008 
9336.34 4.64653E-008 
9360.36 4.5994E-008 
9384.38 4.55269E-008 
9408.41 4.5064E-008 
9432.43 4.46052E-008 
9456.46 4.41534E-008 
9480.48 4.3713E-008 
9504.5 4.32765E-008 
9528.53 4.28438E-008 
9552.55 4.24149E-008 
9576.58 4.19898E-008 
9600.6 4.15684E-008 
9624.62 4.11596E-008 
9648.65 4.07551E-008 
9672.67 4.03541E-008 
9696.7 3.99566E-008 
9720.72 3.95624E-008 
9744.74 3.91717E-008 
9768.77 3.87895E-008 
9792.79 3.84166E-008 
9816.82 3.80469E-008 
9840.84 3.76803E-008 
9864.86 3.73168E-008 
9888.89 3.69564E-008 
9912.91 3.6599E-008 
9936.94 3.625E-008 
9960.96 3.59046E-008 
9984.98 3.5562E-008 
10009 3.52223E-008 
10033 3.48855E-008 
10057.1 3.45515E-008 
10081.1 3.42219E-008 
10105.1 3.39011E-008 
10129.1 3.35829E-008 
10153.2 3.32674E-008 
10177.2 3.29544E-008 
10201.2 3.26441E-008 
10225.2 3.23362E-008 
10249.2 3.2034E-008 
10273.3 3.17382E-008 
10297.3 3.14447E-008 
10321.3 3.11537E-008 
10345.3 3.08651E-008 
10369.4 3.05788E-008 
10393.4 3.02947E-008 
10417.4 3.00165E-008 
10441.4 2.97436E-008 
10465.5 2.94729E-008 
10489.5 2.92043E-008 
10513.5 2.89378E-008 
10537.5 2.86735E-008 
10561.6 2.84113E-008 
10585.6 2.81544E-008 
10609.6 2.79023E-008 
10633.6 2.76522E-008 
10657.7 2.7404E-008 
10681.7 2.71578E-008 
10705.7 2.69135E-008 
10729.7 2.66712E-008 
10753.8 2.6433E-008 
10777.8 2.62E-008 
10801.8 2.59688E-008 
10825.8 2.57394E-008 
10849.8 2.55118E-008 
10873.9 2.52859E-008 
10897.9 2.50617E-008 
10921.9 2.48402E-008 
10945.9 2.46247E-008 
10970 2.44108E-008 
10994 2.41985E-008 
11018 2.39878E-008 
11042 2.37788E-008 
11066.1 2.35713E-008 
11090.1 2.33654E-008 
11114.1 2.3165E-008 
11138.1 2.29668E-008 
11162.2 2.27702E-008 
11186.2 2.2575E-008 
11210.2 2.23813E-008 
11234.2 2.21891E-008 
11258.3 2.19983E-008 
11282.3 2.18105E-008 
11306.3 2.16269E-008 
11330.3 2.14447E-008 
11354.4 2.12638E-008 
11378.4 2.10843E-008 
11402.4 2.09061E-008 
11426.4 2.07292E-008 
11450.5 2.05536E-008 
11474.5 2.03824E-008 
11498.5 2.02135E-008 
11522.5 2.00457E-008 
11546.5 1.98792E-008 
11570.6 1.97139E-008 
11594.6 1.95498E-008 
11618.6 1.93868E-008 
11642.6 1.92253E-008 
11666.7 1.90685E-008 
11690.7 1.89128E-008 
11714.7 1.87582E-008 
11738.7 1.86047E-008 
11762.8 1.84523E-008 
11786.8 1.8301E-008 
11810.8 1.81508E-008 
11834.8 1.80024E-008 
11858.9 1.78577E-008 
11882.9 1.77141E-008 
11906.9 1.75715E-008 
11930.9 1.74299E-008 
11955 1.72893E-008 
11979 1.71497E-008 
12003 1.7011E-008 
12027 1.68742E-008 
12051.1 1.67407E-008 
12075.1 1.66082E-008 
12099.1 1.64765E-008 
12123.1 1.63458E-008 
12147.1 1.6216E-008 
12171.2 1.60871E-008 
12195.2 1.59591E-008 
12219.2 1.58324E-008 
12243.2 1.57091E-008 
12267.3 1.55866E-008 
12291.3 1.54649E-008 
12315.3 1.53441E-008 
12339.3 1.52241E-008 
12363.4 1.51049E-008 
12387.4 1.49865E-008 
12411.4 1.48689E-008 
12435.4 1.47548E-008 
12459.5 1.46415E-008 
12483.5 1.4529E-008 
12507.5 1.44173E-008 
12531.5 1.43063E-008 
12555.6 1.41961E-008 
12579.6 1.40866E-008 
12603.6 1.39778E-008 
12627.6 1.38713E-008 
12651.7 1.37665E-008 
12675.7 1.36624E-008 
12699.7 1.35589E-008 
12723.7 1.34562E-008 
12747.7 1.33541E-008 
12771.8 1.32528E-008 
12795.8 1.3152E-008 
12819.8 1.30522E-008 
12843.8 1.29552E-008 
12867.9 1.28588E-008 
12891.9 1.2763E-008 
12915.9 1.26678E-008 
12939.9 1.25733E-008 
12964 1.24794E-008 
12988 1.2386E-008 
13012 1.22933E-008 
13036 1.22022E-008 
13060.1 1.21128E-008 
13084.1 1.2024E-008 
13108.1 1.19357E-008 
13132.1 1.1848E-008 
13156.2 1.17609E-008 
13180.2 1.16743E-008 
13204.2 1.15883E-008 
13228.2 1.15028E-008 
13252.3 1.14193E-008 
13276.3 1.13369E-008 
13300.3 1.12551E-008 
13324.3 1.11738E-008 
13348.3 1.10929E-008 
13372.4 1.10126E-008 
13396.4 1.09328E-008 
13420.4 1.08535E-008 
13444.4 1.07747E-008 
13468.5 1.06978E-008 
13492.5 1.06218E-008 
13516.5 1.05463E-008 
13540.5 1.04712E-008 
13564.6 1.03966E-008 
13588.6 1.03225E-008 
13612.6 1.02488E-008 
13636.6 1.01756E-008 
13660.7 1.01028E-008 
13684.7 1.00318E-008 
13708.7 9.96162E-009 
13732.7 9.89188E-009 
13756.8 9.82258E-009 
13780.8 9.75369E-009 
13804.8 9.68523E-009 
13828.8 9.61718E-009 
13852.9 9.54955E-009 
13876.9 9.48232E-009 
13900.9 9.41633E-009 
13924.9 9.35147E-009 
13948.9 9.287E-009 
13973 9.22293E-009 
13997 9.15924E-009 
14021 9.09592E-009 
14045 9.03299E-009 
14069.1 8.97044E-009 
14093.1 8.90826E-009 
14117.1 8.84671E-009 
14141.1 8.78674E-009 
14165.2 8.72713E-009 
14189.2 8.66788E-009 
14213.2 8.60897E-009 
14237.2 8.55041E-009 
14261.3 8.4922E-009 
14285.3 8.43433E-009 
14309.3 8.3768E-009 
14333.3 8.31961E-009 
14357.4 8.26365E-009 
14381.4 8.20846E-009 
14405.4 8.15359E-009 
14429.4 8.09904E-009 
14453.5 8.0448E-009 
14477.5 7.99088E-009 
14501.5 7.93728E-009 
14525.5 7.88398E-009 
14549.5 7.831E-009 
14573.6 7.77834E-009 
14597.6 7.72723E-009 
14621.6 7.67641E-009 
14645.6 7.62589E-009 
14669.7 7.57565E-009 
14693.7 7.52571E-009 
14717.7 7.47605E-009 
14741.7 7.42667E-009 
14765.8 7.37757E-009 
14789.8 7.32875E-009 
14813.8 7.28045E-009 
14837.8 7.23332E-009 
14861.9 7.18646E-009 
14885.9 7.13987E-009 
14909.9 7.09353E-009 
14933.9 7.04746E-009 
14958 7.00165E-009 
14982 6.9561E-009 
15006 6.9108E-009 
15030 6.86575E-009 
15054.1 6.82121E-009 
15078.1 6.77773E-009 
15102.1 6.7345E-009 
15126.1 6.69151E-009 
15150.2 6.64875E-009 
15174.2 6.60623E-009 
15198.2 6.56395E-009 
15222.2 6.5219E-009 
15246.2 6.48008E-009 
15270.3 6.43849E-009 
15294.3 6.39724E-009 
15318.3 6.35709E-009 
15342.3 6.31716E-009 
15366.4 6.27745E-009 
15390.4 6.23795E-009 
15414.4 6.19868E-009 
15438.4 6.15961E-009 
15462.5 6.12076E-009 
15486.5 6.08212E-009 
15510.5 6.04369E-009 
15534.5 6.00546E-009 
15558.6 5.96819E-009 
15582.6 5.93128E-009 
15606.6 5.89457E-009 
15630.6 5.85806E-009 
15654.7 5.82175E-009 
15678.7 5.78563E-009 
15702.7 5.74971E-009 
15726.7 5.71398E-009 
15750.8 5.67844E-009 
15774.8 5.64309E-009 
15798.8 5.60822E-009 
15822.8 5.57409E-009 
15846.8 5.54013E-009 
15870.9 5.50636E-009 
15894.9 5.47277E-009 
15918.9 5.43935E-009 
15942.9 5.40611E-009 
15967 5.37305E-009 
15991 5.34015E-009 
16015 5.30744E-009 
16039 5.27489E-009 
16063.1 5.24308E-009 
16087.1 5.21165E-009 
16111.1 5.18038E-009 
16135.1 5.14928E-009 
16159.2 5.11834E-009 
16183.2 5.08756E-009 
16207.2 5.05694E-009 
16231.2 5.02648E-009 
16255.3 4.99618E-009 
16279.3 4.96603E-009 
16303.3 4.93604E-009 
16327.3 4.90685E-009 
16351.4 4.87788E-009 
16375.4 4.84905E-009 
16399.4 4.82038E-009 
16423.4 4.79185E-009 
16447.4 4.76346E-009 
16471.5 4.73523E-009 
16495.5 4.70713E-009 
16519.5 4.67918E-009 
16543.5 4.65137E-009 
16567.6 4.6237E-009 
16591.6 4.5968E-009 
16615.6 4.57007E-009 
16639.6 4.54348E-009 
16663.7 4.51702E-009 
16687.7 4.49069E-009 
16711.7 4.4645E-009 
16735.7 4.43844E-009 
16759.8 4.41251E-009 
16783.8 4.38671E-009 
16807.8 4.36104E-009 
16831.8 4.3355E-009 
16855.9 4.31057E-009 
16879.9 4.28589E-009 
16903.9 4.26133E-009 
16927.9 4.2369E-009 
16952 4.21259E-009 
16976 4.18839E-009 
17000 4.16432E-009 
17024 4.14037E-009 
17048 4.11653E-009 
17072.1 4.09282E-009 
17096.1 4.06922E-009 
17120.1 4.04599E-009 
17144.1 4.02318E-009 
17168.2 4.00049E-009 
17192.2 3.97791E-009 
17216.2 3.95543E-009 
17240.2 3.93307E-009 
17264.3 3.91082E-009 
17288.3 3.88867E-009 
17312.3 3.86664E-009 
17336.3 3.84471E-009 
17360.4 3.82288E-009 
17384.4 3.80117E-009 
17408.4 3.78004E-009 
17432.4 3.75906E-009 
17456.5 3.73817E-009 
17480.5 3.71739E-009 
17504.5 3.69671E-009 
17528.5 3.67613E-009 
17552.6 3.65564E-009 
17576.6 3.63526E-009 
17600.6 3.61497E-009 
17624.6 3.59478E-009 
17648.6 3.57468E-009 
17672.7 3.55479E-009 
17696.7 3.53536E-009 
17720.7 3.51603E-009 
17744.7 3.49678E-009 
17768.8 3.47763E-009 
17792.8 3.45857E-009 
17816.8 3.4396E-009 
17840.8 3.42071E-009 
17864.9 3.40192E-009 
17888.9 3.38322E-009 
17912.9 3.3646E-009 
17936.9 3.34607E-009 
17961 3.32777E-009 
17985 3.30987E-009 
18009 3.29204E-009 
18033 3.2743E-009 
18057.1 3.25664E-009 
18081.1 3.23906E-009 
18105.1 3.22157E-009 
18129.1 3.20415E-009 
18153.2 3.18682E-009 
18177.2 3.16957E-009 
18201.2 3.15239E-009 
18225.2 3.1353E-009 
18249.2 3.11838E-009 
18273.3 3.10186E-009 
18297.3 3.08541E-009 
18321.3 3.06904E-009 
18345.3 3.05274E-009 
18369.4 3.03652E-009 
18393.4 3.02037E-009 
18417.4 3.00429E-009 
18441.4 2.98829E-009 
18465.5 2.97236E-009 
18489.5 2.95651E-009 
18513.5 2.94072E-009 
18537.5 2.92501E-009 
18561.6 2.90973E-009 
18585.6 2.89453E-009 
18609.6 2.87941E-009 
18633.6 2.86435E-009 
18657.7 2.84936E-009 
18681.7 2.83444E-009 
18705.7 2.81959E-009 
18729.7 2.8048E-009 
18753.8 2.79008E-009 
18777.8 2.77542E-009 
18801.8 2.76084E-009 
18825.8 2.74631E-009 
18849.8 2.73202E-009 
18873.9 2.71798E-009 
18897.9 2.704E-009 
18921.9 2.69008E-009 
18945.9 2.67622E-009 
18970 2.66243E-009 
18994 2.64869E-009 
19018 2.63502E-009 
19042 2.62141E-009 
19066.1 2.60786E-009 
19090.1 2.59436E-009 
19114.1 2.58093E-009 
19138.1 2.56756E-009 
19162.2 2.5545E-009 
19186.2 2.54156E-009 
19210.2 2.52869E-009 
19234.2 2.51587E-009 
19258.3 2.5031E-009 
19282.3 2.49039E-009 
19306.3 2.47774E-009 
19330.3 2.46514E-009 
19354.4 2.45259E-009 
19378.4 2.44011E-009 
19402.4 2.42767E-009 
19426.4 2.41529E-009 
19450.5 2.40296E-009 
19474.5 2.39096E-009 
19498.5 2.37904E-009 
19522.5 2.36717E-009 
19546.5 2.35535E-009 
19570.6 2.34358E-009 
19594.6 2.33187E-009 
19618.6 2.3202E-009 
19642.6 2.30858E-009 
19666.7 2.29702E-009 
19690.7 2.2855E-009 
19714.7 2.27403E-009 
19738.7 2.26261E-009 
19762.8 2.25124E-009 
19786.8 2.24014E-009 
19810.8 2.22914E-009 
19834.8 2.21819E-009 
19858.9 2.20728E-009 
19882.9 2.19642E-009 
19906.9 2.18561E-009 
19930.9 2.17484E-009 
19955 2.16412E-009 
19979 2.15344E-009 
20003 2.14281E-009 
20027 2.13223E-009 
20051.1 2.12168E-009 
20075.1 2.11118E-009 
20099.1 2.10086E-009 
20123.1 2.09071E-009 
20147.1 2.08059E-009 
20171.2 2.07052E-009 
20195.2 2.0605E-009 
20219.2 2.05051E-009 
20243.2 2.04057E-009 
20267.3 2.03067E-009 
20291.3 2.0208E-009 
20315.3 2.01098E-009 
20339.3 2.0012E-009 
20363.4 1.99147E-009 
20387.4 1.98177E-009 
20411.4 1.97211E-009 
20435.4 1.96272E-009 
20459.5 1.95338E-009 
20483.5 1.94408E-009 
20507.5 1.93481E-009 
20531.5 1.92558E-009 
20555.6 1.9164E-009 
20579.6 1.90724E-009 
20603.6 1.89813E-009 
20627.6 1.88905E-009 
20651.7 1.88001E-009 
20675.7 1.87101E-009 
20699.7 1.86204E-009 
20723.7 1.85311E-009 
20747.7 1.84427E-009 
20771.8 1.83564E-009 
20795.8 1.82703E-009 
20819.8 1.81847E-009 
20843.8 1.80994E-009 
20867.9 1.80144E-009 
20891.9 1.79298E-009 
20915.9 1.78455E-009 
20939.9 1.77615E-009 
20964 1.76779E-009 
20988 1.75946E-009 
21012 1.75117E-009 
21036 1.74291E-009 
21060.1 1.73468E-009 
21084.1 1.72654E-009 
21108.1 1.71858E-009 
21132.1 1.71065E-009 
21156.2 1.70276E-009 
21180.2 1.69489E-009 
21204.2 1.68706E-009 
21228.2 1.67926E-009 
21252.3 1.67149E-009 
21276.3 1.66375E-009 
21300.3 1.65604E-009 
21324.3 1.64836E-009 
21348.3 1.64071E-009 
21372.4 1.63309E-009 
21396.4 1.6255E-009 
21420.4 1.61796E-009 
21444.4 1.61062E-009 
21468.5 1.60331E-009 
21492.5 1.59602E-009 
21516.5 1.58877E-009 
21540.5 1.58154E-009 
21564.6 1.57435E-009 
21588.6 1.56717E-009 
21612.6 1.56003E-009 
21636.6 1.55292E-009 
21660.7 1.54583E-009 
21684.7 1.53877E-009 
21708.7 1.53174E-009 
21732.7 1.52474E-009 
21756.8 1.51776E-009 
21780.8 1.51092E-009 
21804.8 1.50417E-009 
21828.8 1.49745E-009 
21852.9 1.49075E-009 
21876.9 1.48407E-009 
21900.9 1.47743E-009 
21924.9 1.4708E-009 
21948.9 1.46421E-009 
21973 1.45764E-009 
21997 1.45109E-009 
22021 1.44457E-009 
22045 1.43807E-009 
22069.1 1.4316E-009 
22093.1 1.42515E-009 
22117.1 1.41873E-009 
22141.1 1.41249E-009 
22165.2 1.40628E-009 
22189.2 1.40009E-009 
22213.2 1.39392E-009 
22237.2 1.38778E-009 
22261.3 1.38166E-009 
22285.3 1.37556E-009 
22309.3 1.36949E-009 
22333.3 1.36343E-009 
22357.4 1.3574E-009 
22381.4 1.3514E-009 
22405.4 1.34542E-009 
22429.4 1.33945E-009 
22453.5 1.33352E-009 
22477.5 1.32762E-009 
22501.5 1.32187E-009 
22525.5 1.31614E-009 
22549.5 1.31044E-009 
22573.6 1.30476E-009 
22597.6 1.2991E-009 
22621.6 1.29346E-009 
22645.6 1.28784E-009 
22669.7 1.28224E-009 
22693.7 1.27666E-009 
22717.7 1.2711E-009 
22741.7 1.26557E-009 
22765.8 1.26005E-009 
22789.8 1.25455E-009 
22813.8 1.24908E-009 
22837.8 1.24362E-009 
22861.9 1.23832E-009 
22885.9 1.23304E-009 
22909.9 1.22778E-009 
22933.9 1.22254E-009 
22958 1.21732E-009 
22982 1.21212E-009 
23006 1.20694E-009 
23030 1.20177E-009 
23054.1 1.19663E-009 
23078.1 1.1915E-009 
23102.1 1.18639E-009 
23126.1 1.1813E-009 
23150.2 1.17623E-009 
23174.2 1.17118E-009 
23198.2 1.16615E-009 
23222.2 1.16121E-009 
23246.2 1.15633E-009 
23270.3 1.15148E-009 
23294.3 1.14664E-009 
23318.3 1.14182E-009 
23342.3 1.13702E-009 
23366.4 1.13224E-009 
23390.4 1.12747E-009 
23414.4 1.12272E-009 
23438.4 1.11798E-009 
23462.5 1.11327E-009 
23486.5 1.10857E-009 
23510.5 1.10389E-009 
23534.5 1.09922E-009 
23558.6 1.09457E-009 
23582.6 1.08994E-009 
23606.6 1.08544E-009 
23630.6 1.08095E-009 
23654.7 1.07648E-009 
23678.7 1.07203E-009 
23702.7 1.06759E-009 
23726.7 1.06317E-009 
23750.8 1.05876E-009 
23774.8 1.05437E-009 
23798.8 1.05E-009 
23822.8 1.04564E-009 
23846.8 1.0413E-009 
23870.9 1.03697E-009 
23894.9 1.03266E-009 
23918.9 1.02836E-009 
23942.9 1.02408E-009 
23967 1.01982E-009 
23991 1.01567E-009 
24015 1.01154E-009 
24039 1.00743E-009 
24063.1 1.00332E-009 
24087.1 9.99235E-010 
24111.1 9.95161E-010 
24135.1 9.91101E-010 
24159.2 9.87056E-010 
24183.2 9.83024E-010 
24207.2 9.79007E-010 
24231.2 9.75004E-010 
24255.3 9.71014E-010 
24279.3 9.67039E-010 
24303.3 9.63077E-010 
24327.3 9.59129E-010 
24351.4 9.55195E-010 
24375.4 9.5137E-010 
24399.4 9.47561E-010 
24423.4 9.43765E-010 
24447.4 9.39982E-010 
24471.5 9.36212E-010 
24495.5 9.32455E-010 
24519.5 9.28711E-010 
24543.5 9.24979E-010 
24567.6 9.21261E-010 
24591.6 9.17555E-010 
24615.6 9.13862E-010 
24639.6 9.10182E-010 
24663.7 9.06514E-010 
24687.7 9.02859E-010 
24711.7 8.99217E-010 
24735.7 8.95586E-010 
24759.8 8.92021E-010 
24783.8 8.88506E-010 
24807.8 8.85002E-010 
24831.8 8.81511E-010 
24855.9 8.78031E-010 
24879.9 8.74564E-010 
24903.9 8.71108E-010 
24927.9 8.67663E-010 
24952 8.64231E-010 
24976 8.6081E-010 
25000 8.574E-010 
